0	:invoke	:broadcast	0
0	:ok	:broadcast	0
1	:invoke	:broadcast	1
1	:ok	:broadcast	1
2	:invoke	:broadcast	2
2	:ok	:broadcast	2
3	:invoke	:broadcast	3
3	:ok	:broadcast	3
4	:invoke	:read	nil
4	:ok	:read	[0 0 1 1 2 2 3 3]
0	:invoke	:read	nil
0	:ok	:read	[0 1 2 3]
0	:invoke	:broadcast	4
0	:ok	:broadcast	4
1	:invoke	:read	nil
1	:ok	:read	[0 1 2 3 4]
2	:invoke	:read	nil
2	:ok	:read	[0 1 2 3 4]
3	:invoke	:broadcast	5
3	:ok	:broadcast	5
4	:invoke	:broadcast	6
4	:ok	:broadcast	6
0	:invoke	:read	nil
0	:ok	:read	[0 1 2 3 4 5 6]
0	:invoke	:broadcast	7
0	:ok	:broadcast	7
1	:invoke	:read	nil
1	:ok	:read	[0 1 2 3 4 5 6 7]
2	:invoke	:broadcast	8
2	:ok	:broadcast	8
3	:invoke	:read	nil
3	:ok	:read	[0 1 2 3 4 5 6 7 8]
4	:invoke	:read	nil
4	:ok	:read	[0 0 1 1 2 2 3 3 4 4 5 5 6 7 7 8 8]
0	:invoke	:broadcast	9
0	:ok	:broadcast	9
0	:invoke	:read	nil
0	:ok	:read	[0 1 2 3 4 5 6 7 8 9]
1	:invoke	:read	nil
1	:ok	:read	[0 1 2 3 4 5 6 7 8 9]
2	:invoke	:read	nil
2	:ok	:read	[0 1 2 3 4 5 6 7 8 9]
3	:invoke	:read	nil
3	:ok	:read	[0 1 2 3 4 5 6 7 8 9]
4	:invoke	:read	nil
4	:ok	:read	[0 0 1 1 2 2 3 3 4 4 5 5 6 7 7 8 8 9 9]
0	:invoke	:broadcast	10
0	:ok	:broadcast	10
0	:invoke	:broadcast	11
0	:ok	:broadcast	11
1	:invoke	:broadcast	12
1	:ok	:broadcast	12
2	:invoke	:broadcast	13
2	:ok	:broadcast	13
3	:invoke	:broadcast	14
3	:ok	:broadcast	14
4	:invoke	:read	nil
4	:ok	:read	[0 0 1 1 2 2 3 3 4 4 5 5 6 7 7 8 8 9 9 10 10 11 11 12 12 13 13 14 14]
0	:invoke	:read	nil
0	:ok	:read	[0 1 2 3 4 5 6 7 8 9 10 11 12 13 14]
0	:invoke	:broadcast	15
0	:ok	:broadcast	15
1	:invoke	:broadcast	16
2	:invoke	:broadcast	17
2	:ok	:broadcast	17
1	:ok	:broadcast	16
3	:invoke	:read	nil
3	:ok	:read	[0 1 2 3 4 5 6 7 8 9 10 11 12 13 14 15 17 16]
4	:invoke	:broadcast	18
4	:ok	:broadcast	18
0	:invoke	:broadcast	19
0	:ok	:broadcast	19
0	:invoke	:read	nil
0	:ok	:read	[0 1 2 3 4 5 6 7 8 9 10 11 12 13 14 15 17 16 18 19]
1	:invoke	:read	nil
1	:ok	:read	[0 1 2 3 4 5 6 7 8 9 10 11 12 13 14 15 16 17 18 19]
2	:invoke	:broadcast	20
2	:ok	:broadcast	20
3	:invoke	:read	nil
3	:ok	:read	[0 1 2 3 4 5 6 7 8 9 10 11 12 13 14 15 17 16 18 19 20]
4	:invoke	:broadcast	21
4	:ok	:broadcast	21
0	:invoke	:broadcast	22
0	:ok	:broadcast	22
0	:invoke	:broadcast	23
0	:ok	:broadcast	23
1	:invoke	:read	nil
1	:ok	:read	[0 1 2 3 4 5 6 7 8 9 10 11 12 13 14 15 16 17 18 19 20 21 22 23]
2	:invoke	:broadcast	24
2	:ok	:broadcast	24
3	:invoke	:broadcast	25
3	:ok	:broadcast	25
4	:invoke	:broadcast	26
4	:ok	:broadcast	26
0	:invoke	:broadcast	27
0	:ok	:broadcast	27
0	:invoke	:broadcast	28
0	:ok	:broadcast	28
1	:invoke	:read	nil
1	:ok	:read	[0 1 2 3 4 5 6 7 8 9 10 11 12 13 14 15 16 17 18 19 20 21 22 23 24 25 26 27 28]
2	:invoke	:read	nil
2	:ok	:read	[0 1 2 3 4 5 6 7 8 9 10 11 12 13 14 15 17 16 18 19 20 21 22 23 24 25 26 27 28]
3	:invoke	:read	nil
3	:ok	:read	[0 1 2 3 4 5 6 7 8 9 10 11 12 13 14 15 17 16 18 19 20 21 22 23 24 25 26 27 28]
4	:invoke	:broadcast	29
4	:ok	:broadcast	29
0	:invoke	:read	nil
0	:ok	:read	[0 1 2 3 4 5 6 7 8 9 10 11 12 13 14 15 17 16 18 19 20 21 22 23 24 25 26 27 28 29]
0	:invoke	:broadcast	30
0	:ok	:broadcast	30
1	:invoke	:broadcast	31
1	:ok	:broadcast	31
2	:invoke	:broadcast	32
2	:ok	:broadcast	32
3	:invoke	:read	nil
3	:ok	:read	[0 1 2 3 4 5 6 7 8 9 10 11 12 13 14 15 17 16 18 19 20 21 22 23 24 25 26 27 28 29 30 31 32]
4	:invoke	:broadcast	33
4	:ok	:broadcast	33
0	:invoke	:broadcast	34
0	:ok	:broadcast	34
0	:invoke	:read	nil
0	:ok	:read	[0 1 2 3 4 5 6 7 8 9 10 11 12 13 14 15 17 16 18 19 20 21 22 23 24 25 26 27 28 29 30 31 32 33 34]
1	:invoke	:read	nil
1	:ok	:read	[0 1 2 3 4 5 6 7 8 9 10 11 12 13 14 15 16 17 18 19 20 21 22 23 24 25 26 27 28 29 30 31 32 33 34]
2	:invoke	:broadcast	35
2	:ok	:broadcast	35
3	:invoke	:broadcast	36
3	:ok	:broadcast	36
4	:invoke	:broadcast	37
4	:ok	:broadcast	37
0	:invoke	:broadcast	38
0	:ok	:broadcast	38
0	:invoke	:broadcast	39
0	:ok	:broadcast	39
1	:invoke	:broadcast	40
1	:ok	:broadcast	40
2	:invoke	:read	nil
2	:ok	:read	[0 1 2 3 4 5 6 7 8 9 10 11 12 13 14 15 17 16 18 19 20 21 22 23 24 25 26 27 28 29 30 31 32 33 34 35 36 37 38 39 40]
3	:invoke	:read	nil
3	:ok	:read	[0 1 2 3 4 5 6 7 8 9 10 11 12 13 14 15 17 16 18 19 20 21 22 23 24 25 26 27 28 29 30 31 32 33 34 35 36 37 38 39 40]
4	:invoke	:broadcast	41
4	:ok	:broadcast	41
0	:invoke	:broadcast	42
0	:ok	:broadcast	42
0	:invoke	:read	nil
0	:ok	:read	[0 1 2 3 4 5 6 7 8 9 10 11 12 13 14 15 17 16 18 19 20 21 22 23 24 25 26 27 28 29 30 31 32 33 34 35 36 37 38 39 40 41 42]
1	:invoke	:broadcast	43
1	:ok	:broadcast	43
2	:invoke	:broadcast	44
2	:ok	:broadcast	44
3	:invoke	:read	nil
3	:ok	:read	[0 1 2 3 4 5 6 7 8 9 10 11 12 13 14 15 17 16 18 19 20 21 22 23 24 25 26 27 28 29 30 31 32 33 34 35 36 37 38 39 40 41 42 43 44]
4	:invoke	:read	nil
4	:ok	:read	[0 0 1 1 2 2 3 3 4 4 5 5 6 7 7 8 8 9 9 10 10 11 11 12 12 13 13 14 14 15 15 16 17 17 16 18 19 19 20 20 21 22 22 23 23 24 24 25 25 26 27 27 28 28 29 30 30 31 31 32 32 33 34 34 35 35 36 36 37 38 38 39 39 40 40 41 42 42 43 43 44 44]
0	:invoke	:broadcast	45
0	:ok	:broadcast	45
0	:invoke	:broadcast	46
0	:ok	:broadcast	46
1	:invoke	:read	nil
1	:ok	:read	[0 1 2 3 4 5 6 7 8 9 10 11 12 13 14 15 16 17 18 19 20 21 22 23 24 25 26 27 28 29 30 31 32 33 34 35 36 37 38 39 40 41 42 43 44 45 46]
2	:invoke	:read	nil
2	:ok	:read	[0 1 2 3 4 5 6 7 8 9 10 11 12 13 14 15 17 16 18 19 20 21 22 23 24 25 26 27 28 29 30 31 32 33 34 35 36 37 38 39 40 41 42 43 44 45 46]
3	:invoke	:broadcast	47
3	:ok	:broadcast	47
4	:invoke	:read	nil
4	:ok	:read	[0 0 1 1 2 2 3 3 4 4 5 5 6 7 7 8 8 9 9 10 10 11 11 12 12 13 13 14 14 15 15 16 17 17 16 18 19 19 20 20 21 22 22 23 23 24 24 25 25 26 27 27 28 28 29 30 30 31 31 32 32 33 34 34 35 35 36 36 37 38 38 39 39 40 40 41 42 42 43 43 44 44 45 45 46 46 47 47]
0	:invoke	:read	nil
0	:ok	:read	[0 1 2 3 4 5 6 7 8 9 10 11 12 13 14 15 17 16 18 19 20 21 22 23 24 25 26 27 28 29 30 31 32 33 34 35 36 37 38 39 40 41 42 43 44 45 46 47]
0	:invoke	:broadcast	48
0	:ok	:broadcast	48
1	:invoke	:read	nil
1	:ok	:read	[0 1 2 3 4 5 6 7 8 9 10 11 12 13 14 15 16 17 18 19 20 21 22 23 24 25 26 27 28 29 30 31 32 33 34 35 36 37 38 39 40 41 42 43 44 45 46 47 48]
2	:invoke	:broadcast	49
2	:ok	:broadcast	49
3	:invoke	:broadcast	50
3	:ok	:broadcast	50
4	:invoke	:broadcast	51
4	:ok	:broadcast	51
0	:invoke	:broadcast	52
0	:ok	:broadcast	52
0	:invoke	:broadcast	53
0	:ok	:broadcast	53
1	:invoke	:broadcast	54
1	:ok	:broadcast	54
2	:invoke	:broadcast	55
2	:ok	:broadcast	55
3	:invoke	:broadcast	56
3	:ok	:broadcast	56
4	:invoke	:read	nil
4	:ok	:read	[0 0 1 1 2 2 3 3 4 4 5 5 6 7 7 8 8 9 9 10 10 11 11 12 12 13 13 14 14 15 15 16 17 17 16 18 19 19 20 20 21 22 22 23 23 24 24 25 25 26 27 27 28 28 29 30 30 31 31 32 32 33 34 34 35 35 36 36 37 38 38 39 39 40 40 41 42 42 43 43 44 44 45 45 46 46 47 47 48 48 49 49 50 50 51 52 52 53 53 54 54 55 55 56 56]
0	:invoke	:broadcast	57
0	:ok	:broadcast	57
0	:invoke	:broadcast	58
0	:ok	:broadcast	58
1	:invoke	:broadcast	59
1	:ok	:broadcast	59
2	:invoke	:read	nil
2	:ok	:read	[0 1 2 3 4 5 6 7 8 9 10 11 12 13 14 15 17 16 18 19 20 21 22 23 24 25 26 27 28 29 30 31 32 33 34 35 36 37 38 39 40 41 42 43 44 45 46 47 48 49 50 51 52 53 54 55 56 57 58 59]
3	:invoke	:read	nil
3	:ok	:read	[0 1 2 3 4 5 6 7 8 9 10 11 12 13 14 15 17 16 18 19 20 21 22 23 24 25 26 27 28 29 30 31 32 33 34 35 36 37 38 39 40 41 42 43 44 45 46 47 48 49 50 51 52 53 54 55 56 57 58 59]
4	:invoke	:read	nil
4	:ok	:read	[0 0 1 1 2 2 3 3 4 4 5 5 6 7 7 8 8 9 9 10 10 11 11 12 12 13 13 14 14 15 15 16 17 17 16 18 19 19 20 20 21 22 22 23 23 24 24 25 25 26 27 27 28 28 29 30 30 31 31 32 32 33 34 34 35 35 36 36 37 38 38 39 39 40 40 41 42 42 43 43 44 44 45 45 46 46 47 47 48 48 49 49 50 50 51 52 52 53 53 54 54 55 55 56 56 57 57 58 58 59 59]
0	:invoke	:read	nil
0	:ok	:read	[0 1 2 3 4 5 6 7 8 9 10 11 12 13 14 15 17 16 18 19 20 21 22 23 24 25 26 27 28 29 30 31 32 33 34 35 36 37 38 39 40 41 42 43 44 45 46 47 48 49 50 51 52 53 54 55 56 57 58 59]
0	:invoke	:read	nil
0	:ok	:read	[0 1 2 3 4 5 6 7 8 9 10 11 12 13 14 15 17 16 18 19 20 21 22 23 24 25 26 27 28 29 30 31 32 33 34 35 36 37 38 39 40 41 42 43 44 45 46 47 48 49 50 51 52 53 54 55 56 57 58 59]
1	:invoke	:read	nil
1	:ok	:read	[0 1 2 3 4 5 6 7 8 9 10 11 12 13 14 15 16 17 18 19 20 21 22 23 24 25 26 27 28 29 30 31 32 33 34 35 36 37 38 39 40 41 42 43 44 45 46 47 48 49 50 51 52 53 54 55 56 57 58 59]
2	:invoke	:broadcast	60
2	:ok	:broadcast	60
3	:invoke	:read	nil
3	:ok	:read	[0 1 2 3 4 5 6 7 8 9 10 11 12 13 14 15 17 16 18 19 20 21 22 23 24 25 26 27 28 29 30 31 32 33 34 35 36 37 38 39 40 41 42 43 44 45 46 47 48 49 50 51 52 53 54 55 56 57 58 59 60]
4	:invoke	:broadcast	61
4	:ok	:broadcast	61
0	:invoke	:broadcast	62
0	:ok	:broadcast	62
0	:invoke	:broadcast	63
0	:ok	:broadcast	63
1	:invoke	:broadcast	64
1	:ok	:broadcast	64
2	:invoke	:read	nil
2	:ok	:read	[0 1 2 3 4 5 6 7 8 9 10 11 12 13 14 15 17 16 18 19 20 21 22 23 24 25 26 27 28 29 30 31 32 33 34 35 36 37 38 39 40 41 42 43 44 45 46 47 48 49 50 51 52 53 54 55 56 57 58 59 60 61 62 63 64]
3	:invoke	:broadcast	65
3	:ok	:broadcast	65
4	:invoke	:read	nil
4	:ok	:read	[0 0 1 1 2 2 3 3 4 4 5 5 6 7 7 8 8 9 9 10 10 11 11 12 12 13 13 14 14 15 15 16 17 17 16 18 19 19 20 20 21 22 22 23 23 24 24 25 25 26 27 27 28 28 29 30 30 31 31 32 32 33 34 34 35 35 36 36 37 38 38 39 39 40 40 41 42 42 43 43 44 44 45 45 46 46 47 47 48 48 49 49 50 50 51 52 52 53 53 54 54 55 55 56 56 57 57 58 58 59 59 60 60 61 62 62 63 63 64 64 65 65]
0	:invoke	:broadcast	66
0	:ok	:broadcast	66
0	:invoke	:read	nil
0	:ok	:read	[0 1 2 3 4 5 6 7 8 9 10 11 12 13 14 15 17 16 18 19 20 21 22 23 24 25 26 27 28 29 30 31 32 33 34 35 36 37 38 39 40 41 42 43 44 45 46 47 48 49 50 51 52 53 54 55 56 57 58 59 60 61 62 63 64 65 66]
1	:invoke	:broadcast	67
1	:ok	:broadcast	67
2	:invoke	:broadcast	68
2	:ok	:broadcast	68
3	:invoke	:read	nil
3	:ok	:read	[0 1 2 3 4 5 6 7 8 9 10 11 12 13 14 15 17 16 18 19 20 21 22 23 24 25 26 27 28 29 30 31 32 33 34 35 36 37 38 39 40 41 42 43 44 45 46 47 48 49 50 51 52 53 54 55 56 57 58 59 60 61 62 63 64 65 66 67 68]
4	:invoke	:broadcast	69
4	:ok	:broadcast	69
0	:invoke	:broadcast	70
0	:ok	:broadcast	70
0	:invoke	:read	nil
0	:ok	:read	[0 1 2 3 4 5 6 7 8 9 10 11 12 13 14 15 17 16 18 19 20 21 22 23 24 25 26 27 28 29 30 31 32 33 34 35 36 37 38 39 40 41 42 43 44 45 46 47 48 49 50 51 52 53 54 55 56 57 58 59 60 61 62 63 64 65 66 67 68 69 70]
1	:invoke	:broadcast	71
1	:ok	:broadcast	71
2	:invoke	:broadcast	72
2	:ok	:broadcast	72
3	:invoke	:broadcast	73
3	:ok	:broadcast	73
4	:invoke	:broadcast	74
4	:ok	:broadcast	74
0	:invoke	:broadcast	75
0	:ok	:broadcast	75
0	:invoke	:read	nil
0	:ok	:read	[0 1 2 3 4 5 6 7 8 9 10 11 12 13 14 15 17 16 18 19 20 21 22 23 24 25 26 27 28 29 30 31 32 33 34 35 36 37 38 39 40 41 42 43 44 45 46 47 48 49 50 51 52 53 54 55 56 57 58 59 60 61 62 63 64 65 66 67 68 69 70 71 72 73 74 75]
1	:invoke	:read	nil
1	:ok	:read	[0 1 2 3 4 5 6 7 8 9 10 11 12 13 14 15 16 17 18 19 20 21 22 23 24 25 26 27 28 29 30 31 32 33 34 35 36 37 38 39 40 41 42 43 44 45 46 47 48 49 50 51 52 53 54 55 56 57 58 59 60 61 62 63 64 65 66 67 68 69 70 71 72 73 74 75]
2	:invoke	:read	nil
2	:ok	:read	[0 1 2 3 4 5 6 7 8 9 10 11 12 13 14 15 17 16 18 19 20 21 22 23 24 25 26 27 28 29 30 31 32 33 34 35 36 37 38 39 40 41 42 43 44 45 46 47 48 49 50 51 52 53 54 55 56 57 58 59 60 61 62 63 64 65 66 67 68 69 70 71 72 73 74 75]
3	:invoke	:broadcast	76
3	:ok	:broadcast	76
4	:invoke	:broadcast	77
4	:ok	:broadcast	77
0	:invoke	:broadcast	78
0	:ok	:broadcast	78
0	:invoke	:read	nil
0	:ok	:read	[0 1 2 3 4 5 6 7 8 9 10 11 12 13 14 15 17 16 18 19 20 21 22 23 24 25 26 27 28 29 30 31 32 33 34 35 36 37 38 39 40 41 42 43 44 45 46 47 48 49 50 51 52 53 54 55 56 57 58 59 60 61 62 63 64 65 66 67 68 69 70 71 72 73 74 75 76 77 78]
1	:invoke	:broadcast	79
1	:ok	:broadcast	79
2	:invoke	:broadcast	80
2	:ok	:broadcast	80
3	:invoke	:broadcast	81
3	:ok	:broadcast	81
4	:invoke	:broadcast	82
4	:ok	:broadcast	82
0	:invoke	:read	nil
0	:ok	:read	[0 1 2 3 4 5 6 7 8 9 10 11 12 13 14 15 17 16 18 19 20 21 22 23 24 25 26 27 28 29 30 31 32 33 34 35 36 37 38 39 40 41 42 43 44 45 46 47 48 49 50 51 52 53 54 55 56 57 58 59 60 61 62 63 64 65 66 67 68 69 70 71 72 73 74 75 76 77 78 79 80 81 82]
0	:invoke	:broadcast	83
0	:ok	:broadcast	83
1	:invoke	:broadcast	84
2	:invoke	:read	nil
2	:ok	:read	[0 1 2 3 4 5 6 7 8 9 10 11 12 13 14 15 17 16 18 19 20 21 22 23 24 25 26 27 28 29 30 31 32 33 34 35 36 37 38 39 40 41 42 43 44 45 46 47 48 49 50 51 52 53 54 55 56 57 58 59 60 61 62 63 64 65 66 67 68 69 70 71 72 73 74 75 76 77 78 79 80 81 82 83 84]
1	:ok	:broadcast	84
3	:invoke	:read	nil
3	:ok	:read	[0 1 2 3 4 5 6 7 8 9 10 11 12 13 14 15 17 16 18 19 20 21 22 23 24 25 26 27 28 29 30 31 32 33 34 35 36 37 38 39 40 41 42 43 44 45 46 47 48 49 50 51 52 53 54 55 56 57 58 59 60 61 62 63 64 65 66 67 68 69 70 71 72 73 74 75 76 77 78 79 80 81 82 83 84]
4	:invoke	:read	nil
4	:ok	:read	[0 0 1 1 2 2 3 3 4 4 5 5 6 7 7 8 8 9 9 10 10 11 11 12 12 13 13 14 14 15 15 16 17 17 16 18 19 19 20 20 21 22 22 23 23 24 24 25 25 26 27 27 28 28 29 30 30 31 31 32 32 33 34 34 35 35 36 36 37 38 38 39 39 40 40 41 42 42 43 43 44 44 45 45 46 46 47 47 48 48 49 49 50 50 51 52 52 53 53 54 54 55 55 56 56 57 57 58 58 59 59 60 60 61 62 62 63 63 64 64 65 65 66 66 67 67 68 68 69 70 70 71 71 72 73 73 74 75 75 76 76 77 78 78 79 79 80 80 81 81 82 83 83 84 84]
0	:invoke	:read	nil
0	:ok	:read	[0 1 2 3 4 5 6 7 8 9 10 11 12 13 14 15 17 16 18 19 20 21 22 23 24 25 26 27 28 29 30 31 32 33 34 35 36 37 38 39 40 41 42 43 44 45 46 47 48 49 50 51 52 53 54 55 56 57 58 59 60 61 62 63 64 65 66 67 68 69 70 71 72 73 74 75 76 77 78 79 80 81 82 83 84]
0	:invoke	:read	nil
0	:ok	:read	[0 1 2 3 4 5 6 7 8 9 10 11 12 13 14 15 17 16 18 19 20 21 22 23 24 25 26 27 28 29 30 31 32 33 34 35 36 37 38 39 40 41 42 43 44 45 46 47 48 49 50 51 52 53 54 55 56 57 58 59 60 61 62 63 64 65 66 67 68 69 70 71 72 73 74 75 76 77 78 79 80 81 82 83 84]
1	:invoke	:read	nil
1	:ok	:read	[0 1 2 3 4 5 6 7 8 9 10 11 12 13 14 15 16 17 18 19 20 21 22 23 24 25 26 27 28 29 30 31 32 33 34 35 36 37 38 39 40 41 42 43 44 45 46 47 48 49 50 51 52 53 54 55 56 57 58 59 60 61 62 63 64 65 66 67 68 69 70 71 72 73 74 75 76 77 78 79 80 81 82 83 84]
2	:invoke	:broadcast	85
2	:ok	:broadcast	85
3	:invoke	:broadcast	86
3	:ok	:broadcast	86
4	:invoke	:read	nil
4	:ok	:read	[0 0 1 1 2 2 3 3 4 4 5 5 6 7 7 8 8 9 9 10 10 11 11 12 12 13 13 14 14 15 15 16 17 17 16 18 19 19 20 20 21 22 22 23 23 24 24 25 25 26 27 27 28 28 29 30 30 31 31 32 32 33 34 34 35 35 36 36 37 38 38 39 39 40 40 41 42 42 43 43 44 44 45 45 46 46 47 47 48 48 49 49 50 50 51 52 52 53 53 54 54 55 55 56 56 57 57 58 58 59 59 60 60 61 62 62 63 63 64 64 65 65 66 66 67 67 68 68 69 70 70 71 71 72 73 73 74 75 75 76 76 77 78 78 79 79 80 80 81 81 82 83 83 84 84 85 85 86 86]
0	:invoke	:broadcast	87
1	:invoke	:broadcast	88
1	:ok	:broadcast	88
0	:ok	:broadcast	87
1	:invoke	:read	nil
1	:ok	:read	[0 1 2 3 4 5 6 7 8 9 10 11 12 13 14 15 16 17 18 19 20 21 22 23 24 25 26 27 28 29 30 31 32 33 34 35 36 37 38 39 40 41 42 43 44 45 46 47 48 49 50 51 52 53 54 55 56 57 58 59 60 61 62 63 64 65 66 67 68 69 70 71 72 73 74 75 76 77 78 79 80 81 82 83 84 85 86 87 88]
2	:invoke	:broadcast	89
2	:ok	:broadcast	89
3	:invoke	:read	nil
3	:ok	:read	[0 1 2 3 4 5 6 7 8 9 10 11 12 13 14 15 17 16 18 19 20 21 22 23 24 25 26 27 28 29 30 31 32 33 34 35 36 37 38 39 40 41 42 43 44 45 46 47 48 49 50 51 52 53 54 55 56 57 58 59 60 61 62 63 64 65 66 67 68 69 70 71 72 73 74 75 76 77 78 79 80 81 82 83 84 85 86 87 88 89]
4	:invoke	:read	nil
4	:ok	:read	[0 0 1 1 2 2 3 3 4 4 5 5 6 7 7 8 8 9 9 10 10 11 11 12 12 13 13 14 14 15 15 16 17 17 16 18 19 19 20 20 21 22 22 23 23 24 24 25 25 26 27 27 28 28 29 30 30 31 31 32 32 33 34 34 35 35 36 36 37 38 38 39 39 40 40 41 42 42 43 43 44 44 45 45 46 46 47 47 48 48 49 49 50 50 51 52 52 53 53 54 54 55 55 56 56 57 57 58 58 59 59 60 60 61 62 62 63 63 64 64 65 65 66 66 67 67 68 68 69 70 70 71 71 72 73 73 74 75 75 76 76 77 78 78 79 79 80 80 81 81 82 83 83 84 84 85 85 86 86 87 87 88 88 89 89]
0	:invoke	:broadcast	90
0	:ok	:broadcast	90
0	:invoke	:read	nil
0	:ok	:read	[0 1 2 3 4 5 6 7 8 9 10 11 12 13 14 15 17 16 18 19 20 21 22 23 24 25 26 27 28 29 30 31 32 33 34 35 36 37 38 39 40 41 42 43 44 45 46 47 48 49 50 51 52 53 54 55 56 57 58 59 60 61 62 63 64 65 66 67 68 69 70 71 72 73 74 75 76 77 78 79 80 81 82 83 84 85 86 87 88 89 90]
1	:invoke	:broadcast	91
1	:ok	:broadcast	91
2	:invoke	:broadcast	92
2	:ok	:broadcast	92
3	:invoke	:read	nil
3	:ok	:read	[0 1 2 3 4 5 6 7 8 9 10 11 12 13 14 15 17 16 18 19 20 21 22 23 24 25 26 27 28 29 30 31 32 33 34 35 36 37 38 39 40 41 42 43 44 45 46 47 48 49 50 51 52 53 54 55 56 57 58 59 60 61 62 63 64 65 66 67 68 69 70 71 72 73 74 75 76 77 78 79 80 81 82 83 84 85 86 87 88 89 90 91 92]
4	:invoke	:read	nil
4	:ok	:read	[0 0 1 1 2 2 3 3 4 4 5 5 6 7 7 8 8 9 9 10 10 11 11 12 12 13 13 14 14 15 15 16 17 17 16 18 19 19 20 20 21 22 22 23 23 24 24 25 25 26 27 27 28 28 29 30 30 31 31 32 32 33 34 34 35 35 36 36 37 38 38 39 39 40 40 41 42 42 43 43 44 44 45 45 46 46 47 47 48 48 49 49 50 50 51 52 52 53 53 54 54 55 55 56 56 57 57 58 58 59 59 60 60 61 62 62 63 63 64 64 65 65 66 66 67 67 68 68 69 70 70 71 71 72 73 73 74 75 75 76 76 77 78 78 79 79 80 80 81 81 82 83 83 84 84 85 85 86 86 87 87 88 88 89 89 90 90 91 91 92 92]
0	:invoke	:broadcast	93
0	:ok	:broadcast	93
0	:invoke	:broadcast	94
0	:ok	:broadcast	94
1	:invoke	:broadcast	95
1	:ok	:broadcast	95
2	:invoke	:broadcast	96
2	:ok	:broadcast	96
3	:invoke	:broadcast	97
3	:ok	:broadcast	97
4	:invoke	:read	nil
4	:ok	:read	[0 0 1 1 2 2 3 3 4 4 5 5 6 7 7 8 8 9 9 10 10 11 11 12 12 13 13 14 14 15 15 16 17 17 16 18 19 19 20 20 21 22 22 23 23 24 24 25 25 26 27 27 28 28 29 30 30 31 31 32 32 33 34 34 35 35 36 36 37 38 38 39 39 40 40 41 42 42 43 43 44 44 45 45 46 46 47 47 48 48 49 49 50 50 51 52 52 53 53 54 54 55 55 56 56 57 57 58 58 59 59 60 60 61 62 62 63 63 64 64 65 65 66 66 67 67 68 68 69 70 70 71 71 72 73 73 74 75 75 76 76 77 78 78 79 79 80 80 81 81 82 83 83 84 84 85 85 86 86 87 87 88 88 89 89 90 90 91 91 92 92 93 93 94 94 95 95 96 96 97 97]
0	:invoke	:read	nil
0	:ok	:read	[0 1 2 3 4 5 6 7 8 9 10 11 12 13 14 15 17 16 18 19 20 21 22 23 24 25 26 27 28 29 30 31 32 33 34 35 36 37 38 39 40 41 42 43 44 45 46 47 48 49 50 51 52 53 54 55 56 57 58 59 60 61 62 63 64 65 66 67 68 69 70 71 72 73 74 75 76 77 78 79 80 81 82 83 84 85 86 87 88 89 90 91 92 93 94 95 96 97]
0	:invoke	:broadcast	98
0	:ok	:broadcast	98
1	:invoke	:read	nil
1	:ok	:read	[0 1 2 3 4 5 6 7 8 9 10 11 12 13 14 15 16 17 18 19 20 21 22 23 24 25 26 27 28 29 30 31 32 33 34 35 36 37 38 39 40 41 42 43 44 45 46 47 48 49 50 51 52 53 54 55 56 57 58 59 60 61 62 63 64 65 66 67 68 69 70 71 72 73 74 75 76 77 78 79 80 81 82 83 84 85 86 87 88 89 90 91 92 93 94 95 96 97 98]
2	:invoke	:read	nil
2	:ok	:read	[0 1 2 3 4 5 6 7 8 9 10 11 12 13 14 15 17 16 18 19 20 21 22 23 24 25 26 27 28 29 30 31 32 33 34 35 36 37 38 39 40 41 42 43 44 45 46 47 48 49 50 51 52 53 54 55 56 57 58 59 60 61 62 63 64 65 66 67 68 69 70 71 72 73 74 75 76 77 78 79 80 81 82 83 84 85 86 87 88 89 90 91 92 93 94 95 96 97 98]
3	:invoke	:read	nil
3	:ok	:read	[0 1 2 3 4 5 6 7 8 9 10 11 12 13 14 15 17 16 18 19 20 21 22 23 24 25 26 27 28 29 30 31 32 33 34 35 36 37 38 39 40 41 42 43 44 45 46 47 48 49 50 51 52 53 54 55 56 57 58 59 60 61 62 63 64 65 66 67 68 69 70 71 72 73 74 75 76 77 78 79 80 81 82 83 84 85 86 87 88 89 90 91 92 93 94 95 96 97 98]
4	:invoke	:read	nil
4	:ok	:read	[0 0 1 1 2 2 3 3 4 4 5 5 6 7 7 8 8 9 9 10 10 11 11 12 12 13 13 14 14 15 15 16 17 17 16 18 19 19 20 20 21 22 22 23 23 24 24 25 25 26 27 27 28 28 29 30 30 31 31 32 32 33 34 34 35 35 36 36 37 38 38 39 39 40 40 41 42 42 43 43 44 44 45 45 46 46 47 47 48 48 49 49 50 50 51 52 52 53 53 54 54 55 55 56 56 57 57 58 58 59 59 60 60 61 62 62 63 63 64 64 65 65 66 66 67 67 68 68 69 70 70 71 71 72 73 73 74 75 75 76 76 77 78 78 79 79 80 80 81 81 82 83 83 84 84 85 85 86 86 87 87 88 88 89 89 90 90 91 91 92 92 93 93 94 94 95 95 96 96 97 97 98 98]
0	:invoke	:read	nil
0	:ok	:read	[0 1 2 3 4 5 6 7 8 9 10 11 12 13 14 15 17 16 18 19 20 21 22 23 24 25 26 27 28 29 30 31 32 33 34 35 36 37 38 39 40 41 42 43 44 45 46 47 48 49 50 51 52 53 54 55 56 57 58 59 60 61 62 63 64 65 66 67 68 69 70 71 72 73 74 75 76 77 78 79 80 81 82 83 84 85 86 87 88 89 90 91 92 93 94 95 96 97 98]
0	:invoke	:read	nil
0	:ok	:read	[0 1 2 3 4 5 6 7 8 9 10 11 12 13 14 15 17 16 18 19 20 21 22 23 24 25 26 27 28 29 30 31 32 33 34 35 36 37 38 39 40 41 42 43 44 45 46 47 48 49 50 51 52 53 54 55 56 57 58 59 60 61 62 63 64 65 66 67 68 69 70 71 72 73 74 75 76 77 78 79 80 81 82 83 84 85 86 87 88 89 90 91 92 93 94 95 96 97 98]
1	:invoke	:broadcast	99
1	:ok	:broadcast	99
2	:invoke	:broadcast	100
2	:ok	:broadcast	100
3	:invoke	:read	nil
3	:ok	:read	[0 1 2 3 4 5 6 7 8 9 10 11 12 13 14 15 17 16 18 19 20 21 22 23 24 25 26 27 28 29 30 31 32 33 34 35 36 37 38 39 40 41 42 43 44 45 46 47 48 49 50 51 52 53 54 55 56 57 58 59 60 61 62 63 64 65 66 67 68 69 70 71 72 73 74 75 76 77 78 79 80 81 82 83 84 85 86 87 88 89 90 91 92 93 94 95 96 97 98 99 100]
4	:invoke	:broadcast	101
4	:ok	:broadcast	101
0	:invoke	:broadcast	102
0	:ok	:broadcast	102
0	:invoke	:read	nil
0	:ok	:read	[0 1 2 3 4 5 6 7 8 9 10 11 12 13 14 15 17 16 18 19 20 21 22 23 24 25 26 27 28 29 30 31 32 33 34 35 36 37 38 39 40 41 42 43 44 45 46 47 48 49 50 51 52 53 54 55 56 57 58 59 60 61 62 63 64 65 66 67 68 69 70 71 72 73 74 75 76 77 78 79 80 81 82 83 84 85 86 87 88 89 90 91 92 93 94 95 96 97 98 99 100 101 102]
1	:invoke	:read	nil
1	:ok	:read	[0 1 2 3 4 5 6 7 8 9 10 11 12 13 14 15 16 17 18 19 20 21 22 23 24 25 26 27 28 29 30 31 32 33 34 35 36 37 38 39 40 41 42 43 44 45 46 47 48 49 50 51 52 53 54 55 56 57 58 59 60 61 62 63 64 65 66 67 68 69 70 71 72 73 74 75 76 77 78 79 80 81 82 83 84 85 86 87 88 89 90 91 92 93 94 95 96 97 98 99 100 101 102]
2	:invoke	:broadcast	103
2	:ok	:broadcast	103
3	:invoke	:broadcast	104
3	:ok	:broadcast	104
4	:invoke	:read	nil
4	:ok	:read	[0 0 1 1 2 2 3 3 4 4 5 5 6 7 7 8 8 9 9 10 10 11 11 12 12 13 13 14 14 15 15 16 17 17 16 18 19 19 20 20 21 22 22 23 23 24 24 25 25 26 27 27 28 28 29 30 30 31 31 32 32 33 34 34 35 35 36 36 37 38 38 39 39 40 40 41 42 42 43 43 44 44 45 45 46 46 47 47 48 48 49 49 50 50 51 52 52 53 53 54 54 55 55 56 56 57 57 58 58 59 59 60 60 61 62 62 63 63 64 64 65 65 66 66 67 67 68 68 69 70 70 71 71 72 73 73 74 75 75 76 76 77 78 78 79 79 80 80 81 81 82 83 83 84 84 85 85 86 86 87 87 88 88 89 89 90 90 91 91 92 92 93 93 94 94 95 95 96 96 97 97 98 98 99 99 100 100 101 102 102 103 103 104 104]
0	:invoke	:broadcast	105
0	:ok	:broadcast	105
0	:invoke	:read	nil
0	:ok	:read	[0 1 2 3 4 5 6 7 8 9 10 11 12 13 14 15 17 16 18 19 20 21 22 23 24 25 26 27 28 29 30 31 32 33 34 35 36 37 38 39 40 41 42 43 44 45 46 47 48 49 50 51 52 53 54 55 56 57 58 59 60 61 62 63 64 65 66 67 68 69 70 71 72 73 74 75 76 77 78 79 80 81 82 83 84 85 86 87 88 89 90 91 92 93 94 95 96 97 98 99 100 101 102 103 104 105]
1	:invoke	:broadcast	106
1	:ok	:broadcast	106
2	:invoke	:read	nil
2	:ok	:read	[0 1 2 3 4 5 6 7 8 9 10 11 12 13 14 15 17 16 18 19 20 21 22 23 24 25 26 27 28 29 30 31 32 33 34 35 36 37 38 39 40 41 42 43 44 45 46 47 48 49 50 51 52 53 54 55 56 57 58 59 60 61 62 63 64 65 66 67 68 69 70 71 72 73 74 75 76 77 78 79 80 81 82 83 84 85 86 87 88 89 90 91 92 93 94 95 96 97 98 99 100 101 102 103 104 105 106]
3	:invoke	:read	nil
3	:ok	:read	[0 1 2 3 4 5 6 7 8 9 10 11 12 13 14 15 17 16 18 19 20 21 22 23 24 25 26 27 28 29 30 31 32 33 34 35 36 37 38 39 40 41 42 43 44 45 46 47 48 49 50 51 52 53 54 55 56 57 58 59 60 61 62 63 64 65 66 67 68 69 70 71 72 73 74 75 76 77 78 79 80 81 82 83 84 85 86 87 88 89 90 91 92 93 94 95 96 97 98 99 100 101 102 103 104 105 106]
4	:invoke	:broadcast	107
4	:ok	:broadcast	107
0	:invoke	:broadcast	108
0	:ok	:broadcast	108
0	:invoke	:broadcast	109
0	:ok	:broadcast	109
1	:invoke	:read	nil
1	:ok	:read	[0 1 2 3 4 5 6 7 8 9 10 11 12 13 14 15 16 17 18 19 20 21 22 23 24 25 26 27 28 29 30 31 32 33 34 35 36 37 38 39 40 41 42 43 44 45 46 47 48 49 50 51 52 53 54 55 56 57 58 59 60 61 62 63 64 65 66 67 68 69 70 71 72 73 74 75 76 77 78 79 80 81 82 83 84 85 86 87 88 89 90 91 92 93 94 95 96 97 98 99 100 101 102 103 104 105 106 107 108 109]
4	:invoke	:read	nil
2	:invoke	:read	nil
3	:invoke	:read	nil
0	:invoke	:read	nil
1	:invoke	:read	nil
2	:ok	:read	[0 1 2 3 4 5 6 7 8 9 10 11 12 13 14 15 17 16 18 19 20 21 22 23 24 25 26 27 28 29 30 31 32 33 34 35 36 37 38 39 40 41 42 43 44 45 46 47 48 49 50 51 52 53 54 55 56 57 58 59 60 61 62 63 64 65 66 67 68 69 70 71 72 73 74 75 76 77 78 79 80 81 82 83 84 85 86 87 88 89 90 91 92 93 94 95 96 97 98 99 100 101 102 103 104 105 106 107 108 109]
3	:ok	:read	[0 1 2 3 4 5 6 7 8 9 10 11 12 13 14 15 17 16 18 19 20 21 22 23 24 25 26 27 28 29 30 31 32 33 34 35 36 37 38 39 40 41 42 43 44 45 46 47 48 49 50 51 52 53 54 55 56 57 58 59 60 61 62 63 64 65 66 67 68 69 70 71 72 73 74 75 76 77 78 79 80 81 82 83 84 85 86 87 88 89 90 91 92 93 94 95 96 97 98 99 100 101 102 103 104 105 106 107 108 109]
0	:ok	:read	[0 1 2 3 4 5 6 7 8 9 10 11 12 13 14 15 17 16 18 19 20 21 22 23 24 25 26 27 28 29 30 31 32 33 34 35 36 37 38 39 40 41 42 43 44 45 46 47 48 49 50 51 52 53 54 55 56 57 58 59 60 61 62 63 64 65 66 67 68 69 70 71 72 73 74 75 76 77 78 79 80 81 82 83 84 85 86 87 88 89 90 91 92 93 94 95 96 97 98 99 100 101 102 103 104 105 106 107 108 109]
1	:ok	:read	[0 1 2 3 4 5 6 7 8 9 10 11 12 13 14 15 16 17 18 19 20 21 22 23 24 25 26 27 28 29 30 31 32 33 34 35 36 37 38 39 40 41 42 43 44 45 46 47 48 49 50 51 52 53 54 55 56 57 58 59 60 61 62 63 64 65 66 67 68 69 70 71 72 73 74 75 76 77 78 79 80 81 82 83 84 85 86 87 88 89 90 91 92 93 94 95 96 97 98 99 100 101 102 103 104 105 106 107 108 109]
4	:ok	:read	[0 0 1 1 2 2 3 3 4 4 5 5 6 7 7 8 8 9 9 10 10 11 11 12 12 13 13 14 14 15 15 16 17 17 16 18 19 19 20 20 21 22 22 23 23 24 24 25 25 26 27 27 28 28 29 30 30 31 31 32 32 33 34 34 35 35 36 36 37 38 38 39 39 40 40 41 42 42 43 43 44 44 45 45 46 46 47 47 48 48 49 49 50 50 51 52 52 53 53 54 54 55 55 56 56 57 57 58 58 59 59 60 60 61 62 62 63 63 64 64 65 65 66 66 67 67 68 68 69 70 70 71 71 72 73 73 74 75 75 76 76 77 78 78 79 79 80 80 81 81 82 83 83 84 84 85 85 86 86 87 87 88 88 89 89 90 90 91 91 92 92 93 93 94 94 95 95 96 96 97 97 98 98 99 99 100 100 101 102 102 103 103 104 104 105 105 106 106 107 108 108 109 109]
